0 0.05
0.475 0.475
0.575 0.625
0.7 0.75
0.8 0.925
1.225 1.275
1.275 1.35
1.4 1.544
1.507 1.644
1.807 1.972
2.007 2.119
2.132 2.247
2.932 3.057
3.173 3.255
3.248 3.331
3.798 3.805
4.018 4.006
4.217 4.28
4.342 4.406
4.492 4.555
4.868 4.869
4.992 5.018
5.192 5.218
5.85 5.621
6.3 5.846
6.75 6.066
6.825 6.12
7.07 6.316
7.32 6.545
7.77 6.991
7.945 7.141
8.195 7.316
8.611 7.738
9.017 8.07
9.186 8.238
9.611 8.62
9.711 8.713
10.426 9.369
10.667 9.56
10.967 9.835
11.907 10.59
12.906 11.44
13.631 12.078
13.771 12.276
14.39 12.876
16.448 14.815
16.724 15.242
16.924 15.467
18.549 16.909
18.797 17.116
19.404 17.707
22.15 20.453
23.433 21.798
23.758 22.172
24.425 24.935
25.55 26.175
26.182 26.75
28.182 28.769
28.403 28.983
28.703 29.283
29.372 29.958
29.602 30.184
31.899 32.495
33.211 33.814
33.897 34.366
40.228 40.298
40.507 40.499
41.032 41.224
42.52 42.523
42.77 42.793
42.901 42.948
43.12 43.048
43.245 43.148
43.351 43.268
43.42 43.343
44.775 47.101
44.975 47.364
45.248 47.601
46.075 48.475
46.588 49
47.616 49.998
49.39 51.77
49.834 52.195
51.248 53.585
51.448 53.81
51.846 54.2
52.071 54.435
52.797 55.226
52.997 55.423
54.4 57.568
55.471 58.343
55.746 58.643
56.505 59.264
56.786 59.56
57.011 59.76
57.211 60.01
57.582 60.335
58.607 61.234
58.857 61.56
59.596 62.267
60.47 63.112
61.837 64.337
62.619 65.335
64.253 67.927
64.349 68.119
64.824 68.537
66.097 69.712
66.272 69.866
66.5 70.091
67.188 70.741
68.108 71.697
68.402 72.039
68.746 72.347
69.027 72.644
69.871 73.488
70.162 73.779
71.255 74.843
71.679 75.343
72.079 75.794
72.425 78.36
72.775 78.751
73.225 78.883
73.605 79.058
73.88 79.258
74.905 80.07
76.297 81.867
77.586 83.129
77.911 83.456
78.592 84.106
79.01 84.529
79.26 84.779
79.402 84.956
79.607 85.122
80.002 85.547
81.256 86.974
81.401 87.145
83.153 88.943
83.578 89.443
84.153 90.22
84.274 90.338
84.403 90.47
84.561 90.688
85.091 91.249
85.641 91.949
85.861 92.238
86.08 92.449
86.252 92.671
86.755 93.204
87.102 93.579
87.588 94.099
87.791 94.326
88.116 94.727
88.288 94.924
89.378 96.126
89.832 96.688
90.053 96.936
90.153 97.055
91 98.951
91.675 99.701
92.4 100.638
93.145 101.26
94.334 102.525
94.916 102.981
95.547 103.821
95.797 104.096
96.539 105
97.513 105.902
98.403 106.721
98.708 107.046
99.058 107.346
99.553 107.672
100.925 109.278
102.952 111.207
104.354 112.548
104.776 113.044
105.022 113.293
106.668 114.817
108.589 116.937
109.406 118.237
109.644 118.449
109.969 118.979
110.7 119.746
112.15 121.015
113.243 122.073
114.218 123.083
115.046 123.925
115.366 124.175
116.226 125.144
116.643 125.694
117.376 126.641
117.69 127.017
118.49 128.296
119.088 128.844
120.225 129.922
120.575 130.324
121.329 131.206
121.604 131.531
122.129 132.206
123.15 133.431
123.901 134.215
124.772 135.086
125.251 135.565
126.698 137.012
128.353 138.96
128.774 139.235
129.075 139.26
129.6 139.604
130.555 140.379
131.932 141.478
133.732 142.744
133.862 142.899
134.707 143.444
136.434 145.229
136.802 145.577
137.582 146.352
138.599 147.519
138.725 148.239
139.3 148.84
139.875 149.495
140.963 150.695
141.753 151.537
142.584 152.365
143.231 153.07
143.556 153.445
143.956 153.716
144.406 154.045
145.097 154.669
146.043 155.615
146.328 155.9
146.818 156.377
147.08 156.706
147.505 157.031
147.619 157.177
148.4 157.751
148.9 158.17
149.275 158.445
150.331 159.34
150.806 159.747
151.104 160.047
151.729 160.626
152.002 160.801
152.828 161.612
153.403 162.032
154.101 162.607
155.051 163.746
155.573 164.422
155.87 164.897
156.273 165.449
156.848 166.349
157.704 167.439
157.925 169.231
158.875 170.342
159.474 171.084
159.874 171.516
160.274 171.872
160.819 172.397
161.044 172.597
161.719 173.215
162.339 173.74
162.664 174.04
163.785 175.089
164.91 176.263
165.372 176.791
165.547 177.041
167.125 178.317
167.325 179.457
167.7 179.857
168.4 180.492
168.992 180.79
169.641 181.488
170.409 182.29
171.409 183.191
173.027 184.662
173.402 185.286
174.427 186.763
174.571 187.163
176.593 190.557
177.9 192.055
179.175 193.33
181.516 195.671
182.391 196.546
183.888 198.043
184.977 199.161
185.332 199.636
186.075 200.463
186.125 203.652
186.675 204.172
187.4 204.897
