105.575 112.548
108.074 114.817
110.194 116.937
111.706 118.449
113.003 119.746
114.845 121.898
115.075 123.533
115.9 124.025
117.199 125.344
117.824 125.944
118.517 126.641
120.06 128.296
121.008 129.199
121.681 129.922
122.875 131.206
123.605 132.206
124.576 133.228
126.1 136.862
127.45 137.867
127.877 138.135
129.845 140.279
132.013 142.424
132.34 142.744
132.948 143.324
133.223 143.749
134.134 144.639
134.359 144.949
135.625 145.652
136.375 146.027
138.495 147.94
139.395 148.815
139.992 149.436
140.7 150.169
141.249 150.694
141.5 150.945
141.893 151.237
142.775 152.112
143.695 153.07
143.925 153.445
144.52 154.045
145.155 154.66
145.475 154.835
146.3 155.625
147.402 156.631
148.191 157.42
148.547 157.776
151.358 160.587
152.503 161.732
154.337 163.834
154.4 164.897
154.97 165.449
155.995 166.449
158.432 168.886
160.912 171.366
161.812 172.397
162.699 173.415
162.75 175.218
163.988 176.263
165.466 177.741
165.792 178.067
166.958 179.233
168.612 180.79
169.762 182.04
169.962 182.29
170.067 182.541
170.592 182.941
170.883 183.188
171.333 183.641
172.032 184.111
172.1 184.961
172.65 185.486
173.902 186.763
175.799 188.536
177.2 190.057
178.249 191.249
178.649 191.755
179.702 192.98
180.448 193.854
180.875 194.304
181.55 195.221
181.9 195.991
182.85 197.039
183.18 197.493
183.605 198.162
183.98 198.762
185 199.636
185.636 200.463
186.55 201.533
187.602 202.683
188.446 203.922
189.571 204.993
