0 0.05
0.225 0.15
0.575 0.625
0.625 0.7
0.825 0.925
1.1 1.225
1.275 1.4
1.4 1.519
1.556 1.647
1.731 1.822
1.805 1.969
2.081 2.222
2.905 3.057
2.981 3.133
3.103 3.255
3.204 3.356
4.504 4.656
5.467 5.596
5.992 6.145
6.342 6.545
6.767 7.045
6.89 7.141
7.01 7.345
7.345 7.645
7.435 7.738
7.62 7.988
7.685 8.038
8.05 8.563
8.225 8.713
9.25 8.969
10.292 9.344
10.737 9.835
11.012 10.11
11.312 10.344
11.6 10.954
12.65 11.706
13.795 12.851
17.503 16.559
18.06 17.116
18.378 17.452
18.71 17.93
19.504 18.755
19.654 18.955
20.054 19.326
20.2 21.021
21.525 22.073
24.495 25.043
25.304 25.852
25.865 26.443
26.309 26.75
26.759 27.172
26.871 27.288
28.031 28.297
30.25 30.77
30.8 31.82
31.144 32.195
31.569 32.562
32.506 33.337
33.241 34.089
33.891 34.364
34.324 35.081
34.515 35.291
34.949 35.681
35.249 35.959
35.506 36.334
35.914 36.617
36.881 37.367
37.551 38.13
38.397 38.855
38.554 39.073
38.622 39.198
39.85 41.224
40 41.524
40.5 41.999
41.219 42.718
41.999 43.498
43.044 44.543
43.494 44.993
44.989 46.488
46.976 48.475
47.635 49.109
48.222 49.67
49.85 51.444
51.5 53.075
54.501 56.076
55.563 57.138
56.73 58.155
57.048 58.505
57.848 59.289
58.7 60.139
58.875 60.659
59.924 61.56
61 62.667
64.74 66.407
65.49 67.157
66.513 68.252
67.236 68.823
67.65 71.347
67.975 71.697
69.198 72.988
70.398 74.047
71.864 74.843
74.994 76.394
75.743 76.844
77.14 78.36
77.325 82.267
78.75 83.704
80.002 84.956
80.168 85.122
85.516 90.47
86.475 91.538
86.532 92.449
87.525 93.428
91.207 97.135
94 99.928
94.985 100.913
95.9 101.785
96.45 102.981
97.506 104.827
98.604 105.925
99.65 106.996
100.225 107.546
101.022 108.372
104.096 111.507
104.725 112.548
105.449 113.368
108.147 116.937
109.65 118.449
110.005 118.954
111.08 119.746
112.329 120.94
113.62 122.073
114.593 122.854
114.918 123.054
115.05 125.025
116.5 125.944
117.573 127.017
118.002 127.446
118.877 128.321
123.987 133.431
124.56 133.987
