0 0.05
0.26 0.15
0.5 0.425
0.56 0.55
0.675 0.625
0.76 0.7
0.825 0.825
0.91 0.925
1.21 1.225
1.3 1.275
1.578 1.544
1.889 1.847
2.314 2.247
2.689 2.558
3.23 3.057
3.316 3.133
3.455 3.256
3.516 3.356
4.528 4.28
4.578 4.355
4.85 5.496
5.6 6.145
5.85 6.545
6.2 6.991
7.022 7.738
7.274 8.095
7.422 8.238
7.993 8.788
8.595 9.344
8.895 9.669
9.845 10.59
10.801 11.44
11.501 12.056
12.048 12.676
12.759 13.353
13.432 14.023
13.607 14.198
15.25 14.273
16.046 14.84
16.476 15.267
16.821 15.603
16.996 15.703
17.904 16.467
18.429 16.909
18.646 17.116
19.902 18.407
21.278 19.953
21.864 20.453
22.404 21.021
23.114 21.798
23.31 22.073
23.468 22.197
24.25 23.022
25.043 23.71
25.518 24.06
26.171 24.935
26.272 25.043
33.65 35.081
34.15 35.631
34.803 36.334
35.378 36.809
36.502 37.91
36.705 38.13
37.455 38.805
37.984 39.323
38.609 40.148
39.234 40.499
39.941 41.224
40.266 41.524
40.914 42.123
41.193 42.423
41.662 42.893
41.934 43.148
43.35 44.909
43.7 45.413
44.472 46.101
44.745 46.326
45.045 46.739
45.447 47.101
45.951 47.576
46.851 48.475
47.404 49.109
48.204 49.974
50.08 51.623
50.309 51.77
50.584 52.099
51.448 52.795
51.849 53.45
53.3 55.226
54.543 56.414
55.243 57.113
56.833 58.48
57.708 59.314
58.347 59.914
59.222 60.734
60.144 61.585
60.747 62.267
61.214 62.616
61.489 62.913
62.475 65.779
62.85 66.104
63.475 66.729
63.8 67.029
64.123 67.355
64.925 68.119
65.327 68.537
66.57 69.712
66.75 69.877
67.25 70.402
68.595 71.722
69.471 72.572
70.093 73.219
71.045 74.429
71.27 74.593
71.775 76.394
72.425 76.844
72.725 77.16
73.449 77.972
74.632 79.258
75.257 79.876
76.359 81.195
77.579 82.413
78.231 83.129
79.203 84.106
80.466 85.397
81.5 87.599
82.844 88.943
84.193 90.47
86.303 92.646
86.728 93.204
87.37 93.678
87.865 94.123
88.547 94.727
89.247 95.448
89.668 96.037
90.087 96.425
90.5 98.156
92.194 99.928
92.819 100.638
93.468 101.26
94.089 101.81
95.098 102.981
95.873 103.821
96.939 105
98.087 106.177
98.812 106.846
99.608 107.646
100 108.583
102.596 111.257
103.941 112.548
104.463 112.944
106.56 114.817
108.978 116.937
109.428 117.408
110.841 119.224
111.316 119.746
112.415 120.94
113.489 122.073
114.564 123.229
115.239 124.025
116.348 125.344
116.748 125.944
117.183 126.641
117.483 127.017
121.094 130.424
122.637 132.206
123.776 133.431
124.401 134.087
124.97 134.686
125.87 135.565
126.247 136.108
127.009 136.933
127.871 137.567
129.4 139.255
129.75 139.604
130.489 140.379
131.561 141.478
132.336 142.424
132.857 142.899
133.431 143.444
133.931 144.064
134.779 145.054
135.454 145.602
136.3 146.147
136.775 146.72
137.821 147.87
138 148.237
138.25 148.436
138.675 148.84
141.727 150.694
142.649 151.537
143.345 152.54
144.495 154.159
145.29 155.615
145.414 155.825
146.872 156.877
