0.05 0.05
0.625 0.625
1.544 1.544
2.247 2.247
3.014 3.057
3.3 3.255
4.625 4.28
4.721 4.406
4.869 4.555
5.196 4.869
5.344 5.018
5.619 5.293
7.341 6.991
9.235 8.885
10.694 10.344
11.529 11.179
12.385 12.078
12.48 12.226
13.5 12.851
14.2 13.353
14.418 13.698
14.549 13.815
14.743 14.023
15.199 14.415
15.643 14.815
16.137 15.242
16.396 15.442
16.737 15.703
18.014 16.909
22.975 23.022
23.5 23.548
23.943 24.06
24.247 24.368
24.693 24.935
25.539 25.827
25.846 26.15
26.639 26.943
28.979 29.283
30.441 30.745
31.091 31.415
31.725 33.337
32.625 33.789
35.453 36.617
37.884 39.048
38.984 40.148
40.36 41.524
40.685 41.799
40.833 42.123
41.186 42.423
41.325 43.343
41.525 43.498
41.825 43.834
42.525 44.543
42.905 44.909
43.48 45.413
44.005 46.101
44.279 46.326
44.553 46.739
45.309 47.589
46.183 48.688
46.458 49
46.733 49.109
47.535 49.67
47.683 49.773
51.55 53.81
51.875 54.06
52.175 54.435
52.464 54.726
52.964 55.226
53.714 56.076
55.201 57.568
56.701 59.068
57.547 59.914
59.218 61.56
60.283 62.616
60.625 64.112
60.875 64.337
61.45 64.91
61.867 65.335
63.39 66.932
66.204 69.766
66.865 70.427
68.135 71.722
69.912 73.488
70 74.429
70.475 74.868
72.026 76.394
72.476 76.844
73.629 77.997
75.615 79.983
77.202 81.57
78.714 83.129
79.341 83.704
79.45 85.172
82.194 87.949
83.191 88.943
83.71 89.443
84.635 90.47
86.627 92.449
86.849 92.671
87.749 93.579
88.763 94.727
88.85 95.751
90.339 97.135
91.267 98.156
92.183 99.126
92.908 99.928
94.724 101.81
95.895 102.981
96.735 103.821
97.735 104.827
98.348 105.327
98.383 106.325
99.175 106.846
100.019 107.672
102.714 110.353
104.909 112.498
107.202 114.817
108.275 116.442
108.825 116.937
110.13 118.449
111.313 119.746
112.433 120.94
116.643 125.144
117.137 125.694
117.439 125.944
117.475 126.891
117.625 127.017
118.825 128.321
119.542 129.022
119.95 129.499
120.3 129.922
121.441 131.206
122.184 132.206
122.734 132.781
123.323 133.431
124.841 135.086
125.916 136.108
128.418 138.11
129.75 139.467
130.562 140.279
131.761 141.478
133.182 142.899
133.727 143.444
135.704 145.229
136.392 145.777
136.425 146.427
137.7 147.94
138.471 148.587
139.213 149.436
141.205 151.537
142.838 153.17
143.713 154.045
145.27 155.615
145.826 156.352
146.425 157.031
146.75 157.42
147.52 158.17
149.315 159.94
149.95 160.587
150.947 161.712
154.371 165.022
155.267 165.573
155.35 167.214
156.575 168.681
159.143 172.047
159.707 172.611
161.186 174.09
161.955 174.859
164.108 176.263
164.85 176.663
165 178.208
165.175 178.342
166.376 179.644
167.724 180.79
168.524 181.59
169.224 182.29
170.125 183.191
171.52 184.585
172.277 185.261
173.627 186.763
174.575 187.911
177.221 190.557
178.73 192.055
179.714 192.98
180.509 193.854
181.609 195.221
181.891 196.016
182.727 197.814
184.2 199.636
186.097 201.533
187.247 202.683
188.516 203.877
189.099 204.522
189.549 204.993
