1 480.672
2 483.564
3 487.83
4 493.239
5 499.642
6 506.383
7 513.019
8 519.104
9 523.969
10 527.182
11 528.621
12 527.821
13 524.997
14 520.315
15 514.01
16 506.586
17 498.637
18 490.568
19 482.969
20 476.373
21 470.96
22 467.114
23 464.938
24 464.353
25 465.257
26 467.571
27 470.736
28 474.693
29 478.96
30 483.21
31 487.209
32 490.798
33 493.674
34 495.943
35 497.561
36 498.503
37 498.968
38 499.079
39 498.804
40 498.459
41 498.03
42 497.578
43 497.264
44 497.122
45 497.07
46 497.373
47 497.862
48 498.637
49 499.717
50 501.14
51 502.696
52 504.618
53 506.587
54 508.536
55 510.398
56 511.88
57 512.749
58 512.959
59 512.14
60 510.219
61 507.203
62 502.945
63 497.648
64 491.526
65 484.834
66 477.904
67 471.302
68 465.281
69 460.381
70 456.966
71 455.286
72 455.549
73 457.933
74 462.234
75 468.431
76 476.131
77 484.958
78 494.344
79 503.785
80 512.545
81 520.124
82 525.947
83 529.587
84 530.79
85 529.555
86 525.889
87 520.23
88 513.018
89 504.851
90 496.423
91 488.471
92 481.556
93 476.342
94 473.219
95 472.483
96 474.199
97 478.378
98 484.551
99 492.404
100 501.161
101 510.02
102 518.16
103 524.654
104 528.681
105 529.727
106 527.384
107 521.659
108 512.957
109 501.842
110 489.307
111 476.37
112 464.171
113 453.685
114 445.889
115 441.349
116 440.544
117 443.551
118 450.234
119 460.176
120 472.659
121 486.851
122 501.697
123 516.084
124 528.996
125 539.457
126 546.729
127 550.446
128 550.404
129 546.824
130 540.208
131 531.164
132 520.568
133 509.245
134 498.046
135 487.669
136 478.806
137 471.791
138 466.969
139 464.438
140 464.092
141 465.786
142 469.207
143 473.891
144 479.473
145 485.42
146 491.263
147 496.591
148 501.078
149 504.38
150 506.401
151 507.054
152 506.341
153 504.388
154 501.426
155 497.571
156 493.231
157 488.627
158 484.072
159 479.916
160 476.458
161 473.942
162 472.666
163 472.828
164 474.502
165 477.818
166 482.731
167 488.988
168 496.485
169 504.737
170 513.262
171 521.551
172 528.985
173 534.828
174 538.719
175 540.03
176 538.525
177 534.163
178 527.075
179 517.538
180 506.308
181 494.005
182 481.405
183 469.573
184 459.093
185 450.811
186 445.312
187 442.928
188 443.814
189 448.119
190 455.334
191 465.149
192 476.844
193 489.496
194 502.133
195 513.859
196 523.501
197 530.403
198 534.041
199 534.004
200 530.517
201 524.038
202 515.086
203 504.741
204 493.901
205 483.572
206 474.655
207 468.055
208 464.148
209 463.498
210 466.167
211 472.022
212 480.728
213 491.821
214 504.251
215 517.317
216 529.807
217 540.549
218 548.638
219 553.181
220 553.45
221 549.428
222 541.207
223 529.222
224 514.584
225 498.316
226 481.602
227 465.901
228 452.248
229 441.511
230 434.634
231 431.793
232 433.142
233 438.581
234 447.497
235 459.113
236 472.686
237 486.88
238 500.708
239 513.171
240 523.315
241 530.469
242 534.572
243 535.31
244 533.183
245 528.705
246 522.423
247 515.146
248 507.67
249 500.472
250 494.194
251 489.234
252 485.726
253 483.762
254 483.414
255 484.295
256 486.322
257 489.163
258 492.41
259 495.787
260 499.131
261 501.921
262 504.253
263 505.873
264 506.664
265 506.69
266 505.949
267 504.334
268 502.018
269 499.059
270 495.341
271 491.188
272 486.615
273 481.751
274 476.925
275 472.396
276 468.313
277 465.236
278 463.301
279 462.795
280 464.035
281 467.062
282 471.834
283 478.36
284 486.292
285 495.156
286 504.618
287 513.891
288 522.312
289 529.407
290 534.368
291 536.858
292 536.662
293 533.641
294 528.022
295 520.323
296 510.979
297 500.822
298 490.629
299 481.123
300 472.996
301 466.92
302 463.19
303 462.082
304 463.687
305 467.707
306 473.838
307 481.535
308 489.994
309 498.496
310 506.188
311 512.282
312 516.126
313 517.414
314 515.849
315 511.696
316 505.366
317 497.437
318 488.753
319 480.222
320 472.526
321 466.544
322 462.807
323 461.64
324 463.309
325 467.734
326 474.628
327 483.583
328 493.963
329 504.946
330 515.762
331 525.558
332 533.428
333 538.909
334 541.37
335 540.704
336 536.974
337 530.488
338 521.761
339 511.629
340 500.755
341 490.069
342 480.294
343 472.084
344 465.93
345 462.096
346 460.727
347 461.608
348 464.539
349 468.94
350 474.341
351 480.01
352 485.449
353 490.013
354 493.424
355 495.426
356 496.056
357 495.467
358 494.06
359 492.181
360 490.365
361 488.994
362 488.411
363 488.841
364 490.385
365 492.921
366 496.314
367 500.186
368 504.239
369 507.937
370 511.063
371 513.119
372 514.046
373 513.67
374 512.112
375 509.524
376 506.277
377 502.636
378 499.084
379 495.914
380 493.441
381 491.821
382 491.159
383 491.312
384 492.136
385 493.344
386 494.507
387 495.32
388 495.427
389 494.524
390 492.554
391 489.518
392 485.551
393 481.075
394 476.44
395 472.157
396 468.679
397 466.504
398 465.789
399 466.906
400 469.723
401 474.156
402 479.907
403 486.591
404 493.561
405 500.487
406 506.662
407 511.707
408 515.314
409 517.29
410 517.559
411 516.392
412 513.982
413 510.678
414 507.032
415 503.361
416 500.011
417 497.474
418 495.698
419 494.913
420 495.044
421 495.915
422 497.217
423 498.805
424 500.12
425 500.985
426 501.088
427 500.216
428 498.286
429 495.456
430 491.772
431 487.576
432 483.328
433 479.217
434 475.81
435 473.384
436 472.131
437 472.211
438 473.722
439 476.34
440 480.004
441 484.335
442 488.857
443 493.256
444 497.184
445 500.14
446 502.11
447 502.949
448 502.556
449 501.309
450 499.366
451 496.998
452 494.762
453 492.891
454 491.712
455 491.554
456 492.53
457 494.527
458 497.626
459 501.42
460 505.513
461 509.558
462 512.953
463 515.113
464 515.815
465 514.548
466 511.22
467 506.046
468 499.174
469 491.12
470 482.67
471 474.395
472 467.087
473 461.513
474 458.141
475 457.319
476 459.41
477 464.119
478 471.269
479 480.392
480 490.625
481 501.178
482 511.227
483 519.665
484 525.846
485 529.292
486 529.487
487 526.652
488 521.146
489 513.414
490 504.419
491 495.081
492 486.133
493 478.584
494 473.087
495 469.945
496 469.636
497 471.999
498 476.807
499 483.619
500 491.808
501 500.426
502 508.778
503 515.933
504 521.077
505 523.798
506 523.731
507 520.785
508 515.357
509 507.952
510 499.094
511 489.843
512 480.767
513 472.67
514 466.153
515 461.659
516 459.259
517 459.224
518 461.229
519 465.007
520 470.278
521 476.451
522 483.044
523 489.735
524 495.977
525 501.527
526 506.27
527 510.015
528 512.777
529 514.744
530 515.85
531 516.327
532 516.261
533 515.701
534 514.613
535 513.221
536 511.211
537 508.767
538 505.86
539 502.423
540 498.607
541 494.613
542 490.463
543 486.575
544 483.15
545 480.42
546 478.685
547 478.163
548 478.832
549 480.793
550 483.896
551 487.783
552 492.2
553 496.618
554 500.498
555 503.402
556 504.893
557 504.576
558 502.462
559 498.502
560 493.047
561 486.475
562 479.499
563 472.605
564 466.672
565 462.194
566 459.774
567 459.787
568 462.499
569 467.85
570 475.767
571 485.777
572 497.338
573 509.659
574 521.883
575 532.996
576 542.116
577 548.407
578 551.209
579 550.223
580 545.475
581 537.139
582 526.099
583 512.976
584 499.021
585 485.23
586 472.72
587 462.355
588 455.007
589 451.051
590 450.846
591 454.3
592 461.121
593 470.727
594 482.257
595 494.712
596 506.858
597 517.607
598 525.757
599 530.618
600 531.513
601 528.548
602 521.878
603 512.338
604 500.867
605 488.631
606 476.803
607 466.511
608 458.587
609 453.774
610 452.42
611 454.58
612 460.121
613 468.558
614 479.16
615 491.123
616 503.411
617 515.014
618 524.979
619 532.608
620 537.168
621 538.637
622 536.892
623 532.344
624 525.526
625 517.177
626 507.992
627 498.818
628 490.234
629 482.805
630 476.903
631 472.722
632 470.247
633 469.446
634 470.062
635 471.777
636 474.356
637 477.421
638 480.69
639 484.042
640 487.248
641 490.27
642 493.14
643 495.842
644 498.374
645 500.825
646 503.097
647 505.054
648 506.725
649 507.744
650 508.032
651 507.471
652 505.87
653 503.233
654 499.756
655 495.493
656 490.843
657 486.225
658 481.977
659 478.613
660 476.55
661 476.039
662 477.263
663 480.402
664 485.103
665 491.216
666 498.283
667 505.515
668 512.41
669 518.179
670 522.072
671 523.64
672 522.602
673 518.667
674 512.278
675 503.771
676 493.815
677 483.288
678 473.14
679 464.063
680 457.073
681 452.652
682 451.192
683 453.026
684 457.981
685 465.776
686 475.926
687 487.661
688 500
689 512.08
690 522.847
691 531.299
692 536.926
693 539.151
694 537.828
695 533.309
696 526.03
697 516.613
698 506.253
699 495.609
700 485.745
701 477.509
702 471.445
703 467.977
704 467.448
705 469.657
706 474.372
707 481.238
708 489.388
709 498.092
710 506.583
711 513.756
712 518.98
713 521.716
714 521.435
715 518.276
716 512.518
717 504.569
718 495.33
719 485.696
720 476.411
721 468.471
722 462.514
723 458.936
724 458.044
725 459.915
726 464.073
727 470.337
728 477.926
729 486.146
730 494.275
731 501.656
732 507.537
733 511.72
734 513.919
735 514.149
736 512.758
737 510.164
738 506.744
739 503.245
740 500.075
741 497.569
742 496.17
743 495.905
744 496.606
745 498.33
746 500.47
747 502.745
748 504.692
749 505.911
750 505.924
751 504.829
752 502.309
753 498.67
754 494.26
755 489.413
756 484.658
757 480.584
758 477.527
759 475.826
760 475.816
761 477.264
762 480.179
763 484.135
764 488.694
765 493.189
766 497.272
767 500.143
768 501.606
769 501.446
770 499.544
771 496.224
772 491.928
773 487.043
774 482.327
775 478.351
776 475.57
777 474.463
778 475.287
779 477.956
780 482.49
781 488.437
782 495.342
783 502.555
784 509.54
785 515.421
786 519.886
787 522.316
788 522.573
789 520.64
790 516.773
791 511.278
792 504.824
793 497.971
794 491.327
795 485.537
796 481.045
797 478.092
798 476.937
799 477.473
800 479.462
801 482.658
802 486.489
803 490.459
804 494.104
805 496.887
806 498.5
807 498.788
808 497.697
809 495.436
810 492.346
811 488.875
812 485.43
813 482.647
814 480.774
815 480.249
816 481.169
817 483.574
818 487.272
819 492.027
820 497.306
821 502.69
822 507.553
823 511.408
824 513.775
825 514.369
826 513.068
827 509.886
828 505.165
829 499.296
830 492.845
831 486.506
832 480.83
833 476.479
834 473.844
835 473.32
836 474.883
837 478.576
838 483.956
839 490.579
840 497.742
841 504.7
842 510.582
843 514.768
844 516.581
845 515.756
846 512.252
847 506.292
848 498.509
849 489.571
850 480.498
851 472.113
852 465.366
853 460.969
854 459.418
855 461.037
856 465.843
857 473.5
858 483.535
859 495.149
860 507.294
861 519.01
862 529.089
863 536.593
864 540.805
865 541.292
866 537.956
867 531.242
868 521.763
869 510.417
870 498.419
871 486.7
872 476.363
873 468.229
874 462.847
875 460.571
876 461.492
877 465.306
878 471.557
879 479.593
880 488.478
881 497.307
882 505.2
883 511.251
884 514.893
885 515.876
886 514.074
887 509.82
888 503.747
889 496.408
890 488.765
891 481.522
892 475.382
893 470.801
894 468.261
895 467.673
896 469.109
897 472.308
898 476.793
899 482.193
900 488.063
901 493.804
902 499.169
903 503.874
904 507.608
905 510.526
906 512.632
907 513.951
908 514.809
909 515.291
910 515.474
911 515.483
912 515.34
913 514.732
914 513.815
915 512.161
916 509.662
917 506.236
918 501.799
919 496.323
920 490.18
921 483.576
922 476.885
923 470.802
924 465.666
925 462.032
926 460.386
927 460.963
928 463.768
929 469.014
930 476.079
931 484.674
932 494.113
933 503.484
934 511.965
935 518.817
936 523.149
937 524.548
938 522.859
939 518.042
940 510.574
941 501.246
942 490.756
943 480.247
944 470.713
945 463.029
946 457.977
947 456.273
948 458.009
949 463.462
950 472.315
951 484.065
952 497.882
953 512.897
954 527.611
955 540.939
956 551.6
957 558.285
958 560.42
959 557.634
960 549.804
961 537.822
962 522.541
963 505.175
964 487.374
965 470.491
966 455.796
967 444.558
968 437.489
969 435.007
970 437.422
971 444.407
972 455.336
973 469.478
974 485.488
975 501.896
976 517.451
977 530.379
978 539.656
979 544.4
980 544.264
981 539.346
982 530.566
983 518.715
984 505.266
985 491.571
986 478.922
987 468.362
988 460.882
989 456.851
990 456.526
991 459.89
992 466.415
993 475.51
994 486.381
995 497.915
996 509.152
997 519.117
998 526.92
999 531.848
1000 533.856
1001 532.552
1002 528.523
1003 522.191
1004 514.17
1005 505.3
1006 496.414
1007 487.935
1008 480.616
1009 474.725
1010 470.344
1011 467.665
1012 466.459
1013 466.56
1014 467.693
1015 469.725
1016 472.214
1017 475.257
1018 478.59
1019 482.221
1020 486.211
1021 490.602
1022 495.312
1023 500.48
1024 505.889
1025 511.33
1026 516.632
1027 521.309
1028 524.937
1029 527.174
1030 527.546
1031 525.814
1032 521.923
1033 515.928
1034 508.075
1035 499.065
1036 489.336
1037 479.831
1038 471.263
1039 464.418
1040 459.89
1041 458.239
1042 459.633
1043 464.129
1044 471.465
1045 481.111
1046 492.276
1047 504.013
1048 515.173
1049 524.59
1050 531.287
1051 534.377
1052 533.425
1053 528.399
1054 519.613
1055 507.899
1056 494.33
1057 480.168
1058 466.673
1059 455.172
1060 446.593
1061 441.8
1062 441.303
1063 445.225
1064 453.477
1065 465.566
1066 480.717
1067 497.819
1068 515.64
1069 532.628
1070 547.451
1071 558.741
1072 565.547
1073 567.261
1074 563.772
1075 555.462
1076 543.172
1077 528.077
1078 511.454
1079 494.832
1080 479.379
1081 466.378
1082 456.6
1083 450.672
1084 448.858
1085 451.039
1086 456.937
1087 465.823
1088 476.794
1089 488.733
1090 500.419
1091 510.527
1092 518.166
1093 522.318
1094 522.746
1095 519.367
1096 512.737
1097 503.606
1098 493.148
1099 482.444
1100 472.64
1101 464.784
1102 459.495
1103 457.299
1104 458.322
1105 462.385
1106 469.087
1107 477.84
1108 487.806
1109 498.099
1110 507.924
1111 516.397
1112 522.966
1113 527.217
1114 529.048
1115 528.455
1116 526.005
1117 521.946
1118 517.043
1119 511.844
1120 506.815
1121 502.437
1122 498.97
1123 496.444
1124 494.815
1125 493.896
1126 493.284
1127 492.678
1128 491.746
1129 490.112
1130 487.709
1131 484.58
1132 480.781
1133 476.779
1134 472.982
1135 469.8
1136 467.855
1137 467.492
1138 468.908
1139 472.311
1140 477.475
1141 484.083
1142 491.602
1143 499.45
1144 506.62
1145 512.65
1146 516.682
1147 518.299
1148 517.341
1149 513.885
1150 508.141
1151 501.004
1152 493.039
1153 485.162
1154 478.338
1155 473.186
1156 470.32
1157 470.231
1158 472.925
1159 478.272
1160 486.011
1161 495.387
1162 505.542
1163 515.761
1164 524.682
1165 531.612
1166 535.654
1167 536.282
1168 533.244
1169 526.878
1170 517.445
1171 505.948
1172 493.379
1173 480.767
1174 469.237
1175 459.772
1176 453.073
1177 449.608
1178 449.799
1179 453.254
1180 459.896
1181 468.964
1182 479.646
1183 490.937
1184 501.968
1185 511.46
1186 518.872
1187 523.552
1188 525.128
1189 523.853
1190 520.051
1191 514.202
1192 507.294
1193 500.085
1194 493.265
1195 487.716
1196 483.886
1197 481.988
1198 482.373
1199 484.695
1200 488.714
1201 493.911
1202 499.691
1203 505.114
1204 509.774
1205 512.737
1206 513.615
1207 512.232
1208 508.512
1209 502.696
1210 495.496
1211 487.461
1212 479.429
1213 472.354
1214 466.805
1215 463.395
1216 462.537
1217 464.249
1218 468.322
1219 474.494
1220 481.935
1221 489.927
1222 497.74
1223 504.354
1224 509.189
1225 511.844
1226 511.953
1227 509.763
1228 505.692
1229 500.258
1230 494.272
1231 488.687
1232 484.029
1233 481.199
1234 480.575
1235 482.349
1236 486.577
1237 493.028
1238 500.987
1239 509.91
1240 518.758
1241 526.508
1242 532.334
1243 535.36
1244 535.043
1245 531.193
1246 524.069
1247 514.077
1248 502.218
1249 489.552
1250 477.021
1251 465.987
1252 457.214
1253 451.453
1254 449.188
1255 450.517
1256 455.127
1257 462.739
1258 472.385
1259 483.181
1260 494.01
1261 503.77
1262 511.408
1263 516.331
1264 518.061
1265 516.513
1266 512.261
1267 505.736
1268 498.003
1269 490.001
1270 482.653
1271 476.808
1272 473.152
1273 472.031
1274 473.607
1275 477.793
1276 484.164
1277 492.202
1278 501.166
1279 510.276
1280 518.585
1281 525.505
1282 530.235
1283 532.511
1284 532.182
1285 529.261
1286 524.206
1287 517.486
1288 509.768
1289 501.711
1290 494.014
1291 487.124
1292 481.515
1293 477.415
1294 474.832
1295 473.672
1296 473.725
1297 474.551
1298 475.845
1299 477.201
1300 478.265
1301 478.885
1302 478.965
1303 478.576
1304 477.963
1305 477.386
1306 477.242
1307 477.811
1308 479.488
1309 482.338
1310 486.519
1311 491.851
1312 498.141
1313 504.908
1314 511.735
1315 517.926
1316 522.93
1317 526.193
1318 527.289
1319 525.966
1320 522.246
1321 516.311
1322 508.642
1323 499.913
1324 490.852
1325 482.3
1326 475.099
1327 469.84
1328 467.196
1329 467.351
1330 470.503
1331 476.301
1332 484.416
1333 493.993
1334 504.154
1335 513.787
1336 521.793
1337 527.105
1338 529.044
1339 527.146
1340 521.335
1341 512.235
1342 500.458
1343 487.321
1344 473.979
1345 461.826
1346 451.913
1347 445.434
1348 442.844
1349 444.723
1350 451.028
1351 461.376
1352 475.161
1353 491.364
1354 508.613
1355 525.499
1356 540.492
1357 552.056
1358 559.208
1359 561.234
1360 557.857
1361 549.619
1362 537.26
1363 522.127
1364 505.605
1365 489.336
1366 474.474
1367 462.443
1368 453.903
1369 449.498
1370 449.322
1371 453.271
1372 460.699
1373 470.927
1374 482.858
1375 495.189
1376 506.765
1377 516.322
1378 522.821
1379 525.769
1380 524.915
1381 520.345
1382 512.964
1383 503.479
1384 493.06
1385 482.905
1386 473.923
1387 466.933
1388 462.631
1389 461.168
1390 462.564
1391 466.692
1392 472.951
1393 480.718
1394 489.487
1395 498.234
1396 506.472
1397 513.58
1398 519.097
1399 522.804
1400 524.808
1401 524.991
1402 523.825
1403 521.586
1404 518.598
1405 515.205
1406 511.773
1407 508.293
1408 504.951
1409 501.792
1410 498.526
1411 495.181
1412 491.64
1413 487.608
1414 483.321
1415 478.69
1416 473.918
1417 469.319
1418 465.312
1419 462.119
1420 460.345
1421 460.201
1422 461.908
1423 465.627
1424 471.292
1425 478.505
1426 487.009
1427 496.124
1428 505.038
1429 513.243
1430 519.782
1431 524.135
1432 525.853
1433 524.819
1434 520.926
1435 514.806
1436 506.86
1437 497.866
1438 488.858
1439 480.6
1440 473.898
1441 469.613
1442 468.096
1443 469.61
1444 474.398
1445 481.967
1446 491.919
1447 503.554
1448 515.73
1449 527.397
1450 537.43
1451 544.595
1452 547.946
1453 547.149
1454 541.666
1455 532.071
1456 519.025
1457 503.485
1458 486.892
1459 470.711
1460 456.123
1461 444.492
1462 436.701
1463 433.275
1464 434.622
1465 440.591
1466 450.69
1467 464.142
1468 479.851
1469 496.318
1470 512.184
1471 525.94
1472 536.207
1473 542.208
1474 543.452
1475 540.001
1476 532.499
1477 521.992
1478 509.552
1479 496.763
1480 484.847
1481 474.86
1482 467.805
1483 464.188
1484 464.158
1485 467.768
1486 474.532
1487 483.669
1488 494.461
1489 505.653
1490 516.132
1491 524.945
1492 530.993
1493 533.734
1494 532.935
1495 528.658
1496 521.333
1497 511.923
1498 501.163
1499 490.234
1500 480.126
1501 471.594
1502 465.307
1503 461.633
1504 460.624
1505 462.095
1506 465.753
1507 470.867
1508 476.919
1509 483.137
1510 488.963
1511 493.769
1512 497.443
1513 499.633
1514 500.604
1515 500.565
1516 499.821
1517 498.879
1518 498.111
1519 497.825
1520 498.273
1521 499.541
1522 501.489
1523 503.935
1524 506.581
1525 508.916
1526 510.618
1527 511.222
1528 510.481
1529 508.195
1530 504.539
1531 499.499
1532 493.702
1533 487.445
1534 481.446
1535 476.2
1536 472.295
1537 470.078
1538 469.841
1539 471.669
1540 475.373
1541 480.687
1542 487.058
1543 493.866
1544 500.391
1545 505.983
1546 509.931
1547 511.886
1548 511.494
1549 508.869
1550 504.226
1551 498.113
1552 491.152
1553 484.113
1554 477.777
1555 472.819
1556 469.825
1557 469.208
1558 471.084
1559 475.521
1560 482.133
1561 490.563
1562 499.995
1563 509.758
1564 518.845
1565 526.487
1566 531.856
1567 534.471
1568 533.877
1569 530.273
1570 523.78
1571 515.105
1572 505.005
1573 494.321
1574 484.055
1575 475.051
1576 467.995
1577 463.469
1578 461.708
1579 462.77
1580 466.381
1581 472.181
1582 479.306
1583 487.098
1584 494.541
1585 500.783
1586 505.102
1587 507.031
1588 506.277
1589 503.095
1590 497.9
1591 491.375
1592 484.454
1593 478
1594 472.891
1595 469.756
1596 469.261
1597 471.359
1598 476.26
1599 483.466
1600 492.444
1601 502.419
1602 512.507
1603 521.565
1604 528.895
1605 533.619
1606 535.206
1607 533.623
1608 528.93
1609 521.618
1610 512.547
1611 502.554
1612 492.599
1613 483.723
1614 476.651
1615 471.905
1616 470.041
1617 470.841
1618 474.267
1619 479.742
1620 486.575
1621 493.789
1622 500.63
1623 505.951
1624 509.141
1625 509.731
1626 507.473
1627 502.61
1628 495.726
1629 487.518
1630 478.935
1631 471.055
1632 464.577
1633 460.351
1634 458.862
1635 460.279
1636 464.577
1637 471.542
1638 480.426
1639 490.586
1640 501.217
1641 511.154
1642 519.714
1643 526.146
1644 529.747
1645 530.515
1646 528.465
1647 523.822
1648 517.317
1649 509.673
1650 501.507
1651 493.848
1652 487.202
1653 482.079
1654 478.905
1655 477.785
1656 478.539
1657 481.1
1658 484.948
1659 489.503
1660 494.37
1661 498.828
1662 502.362
1663 504.682
1664 505.463
1665 504.598
1666 502.372
1667 498.969
1668 494.711
1669 490.283
1670 485.942
1671 482.187
1672 479.431
1673 477.78
1674 477.256
1675 478.039
1676 479.649
1677 482.003
1678 484.768
1679 487.524
1680 490.004
1681 492.067
1682 493.466
1683 494.194
1684 494.499
1685 494.325
1686 494.085
1687 494.069
1688 494.388
1689 495.35
1690 497.115
1691 499.521
1692 502.578
1693 506.093
1694 509.495
1695 512.592
1696 514.821
1697 515.713
1698 514.924
1699 512.359
1700 507.729
1701 501.453
1702 493.857
1703 485.365
1704 476.909
1705 469.131
1706 462.749
1707 458.553
1708 457.023
1709 458.367
1710 462.847
1711 470.128
1712 479.753
1713 491.054
1714 503.065
1715 514.575
1716 524.684
1717 532.178
1718 536.233
1719 536.517
1720 532.756
1721 525.334
1722 515.097
1723 502.844
1724 489.936
1725 477.567
1726 466.934
1727 458.965
1728 454.556
1729 454.018
1730 457.567
1731 464.999
1732 475.782
1733 488.961
1734 503.573
1735 518.085
1736 531.16
1737 541.501
1738 547.831
1739 549.471
1740 546.227
1741 538.207
1742 526.289
1743 511.622
1744 495.512
1745 479.446
1746 464.964
1747 452.983
1748 444.637
1749 440.371
1750 440.388
1751 444.617
1752 452.612
1753 463.55
1754 476.553
1755 490.426
1756 503.934
1757 516.019
1758 525.59
1759 532.037
1760 534.886
1761 534.331
1762 530.483
1763 524.257
1764 516.224
1765 507.427
1766 498.652
1767 490.728
1768 484.156
1769 479.439
1770 476.708
1771 475.999
1772 477.163
1773 479.897
1774 483.791
1775 488.423
1776 493.33
1777 498.078
1778 502.315
1779 505.809
1780 508.28
1781 509.835
1782 510.296
1783 509.912
1784 508.641
1785 506.765
1786 504.212
1787 501.269
1788 497.843
1789 494.079
1790 489.987
1791 485.645
1792 481.12
1793 476.598
1794 472.236
1795 468.265
1796 465.031
1797 462.748
1798 461.794
1799 462.324
1800 464.647
1801 468.709
1802 474.604
1803 482.089
1804 490.865
1805 500.483
1806 510.383
1807 519.831
1808 528.192
1809 534.712
1810 538.827
1811 540.043
1812 538.231
1813 533.309
1814 525.683
1815 515.834
1816 504.576
1817 492.733
1818 481.373
1819 471.265
1820 463.377
1821 458.298
1822 456.508
1823 458.215
1824 463.426
1825 471.701
1826 482.536
1827 495.045
1828 508.038
1829 520.398
1830 530.852
1831 538.098
1832 541.496
1833 540.309
1834 534.565
1835 524.739
1836 511.632
1837 496.44
1838 480.677
1839 465.613
1840 452.686
1841 442.983
1842 437.333
1843 436.206
1844 439.826
1845 447.928
1846 459.92
1847 475.087
1848 492.022
1849 509.504
1850 525.97
1851 540.002
1852 550.285
1853 556.11
1854 556.865
1855 552.731
1856 544.288
1857 532.45
1858 518.444
1859 503.696
1860 489.423
1861 476.763
1862 466.795
1863 459.934
1864 456.635
1865 456.934
1866 460.43
1867 466.724
1868 475.073
1869 484.524
1870 494.132
1871 503.121
1872 510.377
1873 515.556
1874 518.202
1875 518.151
1876 515.749
1877 511.459
1878 505.661
1879 499.3
1880 492.898
1881 486.972
1882 482.131
1883 478.549
1884 476.34
1885 475.555
1886 476.007
1887 477.381
1888 479.552
1889 482.15
1890 484.853
1891 487.665
1892 490.333
1893 492.798
1894 495.231
1895 497.577
1896 499.866
1897 502.343
1898 504.816
1899 507.273
1900 509.694
1901 511.73
1902 513.15
1903 513.81
1904 513.296
1905 511.443
1906 508.29
1907 503.68
1908 497.859
1909 491.251
1910 484.092
1911 477.036
1912 470.65
1913 465.41
1914 461.808
1915 460.338
1916 461.067
1917 464.141
1918 469.507
1919 476.673
1920 485.246
1921 494.618
1922 503.883
1923 512.329
1924 519.319
1925 523.911
1926 526.001
1927 525.235
1928 521.692
1929 515.78
1930 508.181
1931 499.39
1932 490.51
1933 482.276
1934 475.356
1935 470.554
1936 468.226
1937 468.558
1938 471.722
1939 477.408
1940 485.129
1941 494.407
1942 504.339
1943 513.964
1944 522.545
1945 529.014
1946 532.741
1947 533.27
1948 530.462
1949 524.285
1950 515.549
1951 504.686
1952 492.787
1953 480.869
1954 469.885
1955 460.695
1956 454.11
1957 450.5
1958 450.085
1959 452.903
1960 458.505
1961 466.381
1962 475.802
1963 485.883
1964 495.581
1965 504.275
1966 510.966
1967 515.339
1968 517.186
1969 516.504
1970 513.7
1971 509.423
1972 504.201
1973 498.902
1974 494.184
1975 490.553
1976 488.446
1977 488.124
1978 489.404
1979 492.259
1980 496.189
1981 500.681
1982 505.151
1983 509.071
1984 511.738
1985 512.951
1986 512.336
1987 509.975
1988 506.04
1989 500.975
1990 495.216
1991 489.454
1992 484.245
1993 480.058
1994 477.323
1995 476.282
1996 476.804
1997 478.911
1998 482.086
1999 485.899
2000 489.794
