1 475.911
2 477.168
3 479.844
4 483.738
5 488.74
6 494.247
7 499.862
8 505.194
9 509.625
10 512.76
11 514.496
12 514.379
13 512.599
14 509.286
15 504.627
16 499.061
17 493.119
18 487.145
19 481.666
20 477.175
21 473.803
22 471.896
23 471.53
24 472.584
25 474.917
26 478.42
27 482.48
28 487.005
29 491.479
30 495.548
31 498.969
32 501.595
33 503.141
34 503.76
35 503.465
36 502.286
37 500.494
38 498.282
39 495.677
40 493.058
41 490.468
42 488.011
43 485.893
44 484.186
45 482.836
46 482.129
47 481.923
48 482.317
49 483.343
50 485.029
51 487.163
52 489.954
53 493.07
54 496.416
55 499.894
56 503.178
57 505.994
58 508.25
59 509.52
60 509.679
61 508.678
62 506.31
63 502.731
64 498.115
65 492.686
66 486.757
67 480.896
68 475.354
69 470.686
70 467.273
71 465.38
72 465.227
73 467.007
74 470.516
75 475.741
76 482.289
77 489.788
78 497.679
79 505.478
80 512.474
81 518.209
82 522.158
83 523.951
84 523.393
85 520.543
86 515.458
87 508.613
88 500.473
89 491.644
90 482.814
91 474.707
92 467.863
93 462.927
94 460.272
95 460.185
96 462.729
97 467.92
98 475.3
99 484.561
100 494.932
101 505.597
102 515.704
103 524.277
104 530.419
105 533.53
106 533.108
107 529.065
108 521.737
109 511.637
110 499.737
111 487.065
112 474.789
113 463.922
114 455.487
115 450.079
116 448.199
117 449.935
118 455.151
119 463.42
120 474.038
121 486.184
122 498.843
123 510.971
124 521.633
125 529.954
126 535.309
127 537.421
128 536.168
129 531.823
130 524.903
131 516.007
132 505.972
133 495.563
134 485.569
135 476.629
136 469.368
137 464.079
138 461.07
139 460.402
140 461.948
141 465.537
142 470.822
143 477.307
144 484.579
145 492.052
146 499.207
147 505.576
148 510.785
149 514.459
150 516.481
151 516.766
152 515.337
153 512.357
154 508.105
155 502.76
156 496.789
157 490.475
158 484.186
159 478.317
160 473.209
161 469.13
162 466.402
163 465.234
164 465.716
165 467.98
166 471.995
167 477.522
168 484.47
169 492.377
170 500.781
171 509.192
172 517.006
173 523.496
174 528.288
175 530.739
176 530.579
177 527.713
178 522.221
179 514.321
180 504.713
181 493.971
182 482.838
183 472.357
184 463.102
185 455.919
186 451.401
187 449.886
188 451.532
189 456.483
190 464.214
191 474.389
192 486.253
193 498.84
194 511.139
195 522.222
196 530.902
197 536.529
198 538.61
199 536.794
200 531.372
201 522.881
202 511.922
203 499.636
204 486.967
205 474.958
206 464.519
207 456.55
208 451.428
209 449.709
210 451.458
211 456.563
212 464.721
213 475.506
214 487.94
215 501.365
216 514.625
217 526.582
218 536.326
219 542.93
220 545.603
221 544.214
222 538.737
223 529.48
224 517.424
225 503.501
226 488.83
227 474.835
228 462.555
229 452.873
230 446.759
231 444.408
232 445.982
233 451.371
234 459.937
235 470.867
236 483.386
237 496.139
238 508.146
239 518.445
240 526.157
241 530.708
242 532.15
243 530.293
244 525.736
245 519.08
246 510.936
247 502.141
248 493.499
249 485.488
250 478.726
251 473.588
252 470.195
253 468.615
254 468.9
255 470.662
256 473.792
257 477.951
258 482.707
259 487.752
260 492.887
261 497.55
262 501.778
263 505.272
264 507.857
265 509.548
266 510.302
267 509.974
268 508.713
269 506.563
270 503.394
271 499.538
272 495.018
273 489.975
274 484.761
275 479.659
276 474.842
277 470.895
278 467.98
279 466.402
280 466.498
281 468.322
282 471.846
283 477.086
284 483.71
285 491.261
286 499.426
287 507.447
288 514.7
289 520.738
290 524.805
291 526.595
292 525.921
293 522.668
294 517.068
295 509.629
296 500.773
297 491.303
298 481.961
299 473.44
300 466.406
301 461.501
302 459.008
303 459.194
304 462.138
305 467.539
306 475.076
307 484.185
308 494.027
309 503.838
310 512.706
311 519.782
312 524.351
313 526.06
314 524.579
315 520.163
316 513.238
317 504.419
318 494.594
319 484.728
320 475.548
321 467.98
322 462.583
323 459.709
324 459.635
325 462.305
326 467.45
327 474.694
328 483.45
329 492.957
330 502.508
331 511.328
332 518.58
333 523.845
334 526.534
335 526.532
336 523.876
337 518.823
338 511.816
339 503.604
340 494.779
341 486.191
342 478.505
343 472.334
344 468.131
345 466.138
346 466.481
347 468.912
348 473.208
349 478.749
350 485.017
351 491.24
352 496.883
353 501.27
354 504.127
355 505.214
356 504.602
357 502.502
358 499.378
359 495.635
360 491.869
361 488.514
362 485.948
363 484.44
364 484.115
365 484.88
366 486.636
367 489.038
368 491.819
369 494.49
370 496.855
371 498.448
372 499.219
373 498.994
374 497.877
375 496
376 493.693
377 491.189
378 488.933
379 487.18
380 486.22
381 486.184
382 487.154
383 488.967
384 491.458
385 494.313
386 497.074
387 499.401
388 500.899
389 501.225
390 500.294
391 498.077
392 494.693
393 490.562
394 486.038
395 481.641
396 477.846
397 475.159
398 473.749
399 474.001
400 475.783
401 479.015
402 483.407
403 488.583
404 493.913
405 499.103
406 503.482
407 506.721
408 508.57
409 508.886
410 507.647
411 505.166
412 501.668
413 497.526
414 493.299
415 489.311
416 485.902
417 483.558
418 482.223
419 482.119
420 483.164
421 485.169
422 487.819
423 490.944
424 493.958
425 496.647
426 498.651
427 499.699
428 499.653
429 498.609
430 496.553
431 493.789
432 490.734
433 487.551
434 484.798
435 482.741
436 481.573
437 481.459
438 482.503
439 484.386
440 487.068
441 490.183
442 493.286
443 496.103
444 498.331
445 499.524
446 499.733
447 498.864
448 496.879
449 494.199
450 491.018
451 487.634
452 484.618
453 482.205
454 480.725
455 480.502
456 481.637
457 484.016
458 487.707
459 492.292
460 497.366
461 502.558
462 507.236
463 510.784
464 512.931
465 513.114
466 511.187
467 507.315
468 501.6
469 494.53
470 486.866
471 479.177
472 472.256
473 466.885
474 463.543
475 462.592
476 464.405
477 468.692
478 475.278
479 483.696
480 493.087
481 502.675
482 511.65
483 518.941
484 523.935
485 526.199
486 525.264
487 521.39
488 514.97
489 506.475
490 496.873
491 487.083
492 477.831
493 470.108
494 464.555
495 461.462
496 461.3
497 463.907
498 469.065
499 476.341
500 485.124
501 494.474
502 503.704
503 511.874
504 518.158
505 522.112
506 523.332
507 521.681
508 517.506
509 511.268
510 503.454
511 495.097
512 486.75
513 479.21
514 473.079
515 468.799
516 466.442
517 466.276
518 467.97
519 471.247
520 475.822
521 481.094
522 486.589
523 491.994
524 496.782
525 500.747
526 503.814
527 505.842
528 506.898
529 507.218
530 506.788
531 505.884
532 504.628
533 503.103
534 501.305
535 499.468
536 497.3
537 494.987
538 492.49
539 489.74
540 486.864
541 484.032
542 481.243
543 478.871
544 477.082
545 476.074
546 476.107
547 477.365
548 479.798
549 483.473
550 488.202
551 493.598
552 499.364
553 504.928
554 509.711
555 513.239
556 515.043
557 514.719
558 512.278
559 507.69
560 501.348
561 493.67
562 485.428
563 477.155
564 469.777
565 463.822
566 459.919
567 458.454
568 459.704
569 463.616
570 470.124
571 478.767
572 489.029
573 500.146
574 511.303
575 521.532
576 529.991
577 535.883
578 538.576
579 537.776
580 533.494
581 525.882
582 515.768
583 503.727
584 490.949
585 478.382
586 467.101
587 457.946
588 451.773
589 448.955
590 449.858
591 454.396
592 462.283
593 472.936
594 485.482
595 498.897
596 511.912
597 523.398
598 532.109
599 537.32
600 538.328
601 535.234
602 528.207
603 518.106
604 505.909
605 492.826
606 480.065
607 468.787
608 459.844
609 453.988
610 451.572
611 452.652
612 457.096
613 464.427
614 473.931
615 484.832
616 496.134
617 506.868
618 516.13
619 523.263
620 527.567
621 529.03
622 527.534
623 523.467
624 517.33
625 509.827
626 501.609
627 493.484
628 485.998
629 479.683
630 474.889
631 471.788
632 470.346
633 470.511
634 472.01
635 474.5
636 477.726
637 481.294
638 484.9
639 488.416
640 491.608
641 494.436
642 496.942
643 499.12
644 500.984
645 502.644
646 504.026
647 505.015
648 505.672
649 505.665
650 504.945
651 503.428
652 500.959
653 497.567
654 493.47
655 488.737
656 483.77
657 478.988
658 474.719
659 471.466
660 469.629
661 469.45
662 471.102
663 474.758
664 480.062
665 486.859
666 494.688
667 502.752
668 510.537
669 517.23
670 522.054
671 524.529
672 524.339
673 521.157
674 515.403
675 507.396
676 497.796
677 487.484
678 477.421
679 468.307
680 461.176
681 456.516
682 454.728
683 456.143
684 460.584
685 467.762
686 477.188
687 488.085
688 499.48
689 510.525
690 520.187
691 527.503
692 532.005
693 533.16
694 530.864
695 525.507
696 517.547
697 507.624
698 496.929
699 486.117
700 476.236
701 468.116
702 462.289
703 459.167
704 459.091
705 461.864
706 467.261
707 474.937
708 484.032
709 493.815
710 503.513
711 511.994
712 518.59
713 522.719
714 523.79
715 521.89
716 517.251
717 510.238
718 501.729
719 492.613
720 483.631
721 475.794
722 469.755
723 465.921
724 464.609
725 465.907
726 469.335
727 474.719
728 481.278
729 488.33
730 495.173
731 501.181
732 505.637
733 508.393
734 509.211
735 508.148
736 505.592
737 501.988
738 497.729
739 493.57
740 489.919
741 487.103
742 485.558
743 485.304
744 486.169
745 488.204
746 490.804
747 493.682
748 496.372
749 498.458
750 499.448
751 499.414
752 498.016
753 495.52
754 492.249
755 488.509
756 484.804
757 481.709
758 479.549
759 478.656
760 479.361
761 481.429
762 484.862
763 489.229
764 494.082
765 498.739
766 502.849
767 505.596
768 506.786
769 506.206
770 503.746
771 499.749
772 494.679
773 488.945
774 483.328
775 478.42
776 474.689
777 472.625
778 472.494
779 474.215
780 477.817
781 482.861
782 488.91
783 495.339
784 501.639
785 506.969
786 511.042
787 513.268
788 513.52
789 511.785
790 508.311
791 503.381
792 497.637
793 491.612
794 485.878
795 481.052
796 477.555
797 475.606
798 475.452
799 476.967
800 479.897
801 483.981
802 488.624
803 493.305
804 497.534
805 500.752
806 502.628
807 502.997
808 501.803
809 499.26
810 495.731
811 491.681
812 487.545
813 483.99
814 481.283
815 479.888
816 479.921
817 481.438
818 484.266
819 488.188
820 492.694
821 497.388
822 501.672
823 505.081
824 507.156
825 507.627
826 506.372
827 503.407
828 499.051
829 493.675
830 487.815
831 482.136
832 477.165
833 473.539
834 471.632
835 471.825
836 474.088
837 478.451
838 484.469
839 491.681
840 499.374
841 506.787
842 513.031
843 517.471
844 519.418
845 518.601
846 514.982
847 508.792
848 500.68
849 491.331
850 481.787
851 472.886
852 465.59
853 460.618
854 458.467
855 459.458
856 463.606
857 470.572
858 479.887
859 490.761
860 502.161
861 513.152
862 522.56
863 529.478
864 533.224
865 533.389
866 529.894
867 523.185
868 513.872
869 502.839
870 491.273
871 480.088
872 470.363
873 462.907
874 458.259
875 456.774
876 458.541
877 463.264
878 470.487
879 479.555
880 489.52
881 499.451
882 508.432
883 515.516
884 520.089
885 521.854
886 520.648
887 516.778
888 510.864
889 503.457
890 495.532
891 487.806
892 481.007
893 475.604
894 472.097
895 470.41
896 470.629
897 472.505
898 475.585
899 479.522
900 483.898
901 488.158
902 492.093
903 495.461
904 497.995
905 499.88
906 501.15
907 501.855
908 502.331
909 502.674
910 502.969
911 503.33
912 503.775
913 503.985
914 504.085
915 503.628
916 502.473
917 500.493
918 497.564
919 493.611
920 488.962
921 483.785
922 478.425
923 473.551
924 469.491
925 466.794
926 465.94
927 467.166
928 470.474
929 476.071
930 483.326
931 491.936
932 501.203
933 510.207
934 518.124
935 524.223
936 527.634
937 527.978
938 525.14
939 519.129
940 510.465
941 499.979
942 488.394
943 476.873
944 466.411
945 457.882
946 452.056
947 449.633
948 450.7
949 455.522
950 463.791
951 475.015
952 488.388
953 503.067
954 517.595
955 530.918
956 541.781
957 548.898
958 551.689
959 549.765
960 542.972
961 532.147
962 518.092
963 501.97
964 485.381
965 469.647
966 456.019
967 445.764
968 439.598
969 437.951
970 441.139
971 448.833
972 460.403
973 475.087
974 491.508
975 508.152
976 523.726
977 536.414
978 545.186
979 549.158
980 548.023
981 541.931
982 531.867
983 518.69
984 503.935
985 488.993
986 475.186
987 463.57
988 455.129
989 450.231
990 449.131
991 451.811
992 457.762
993 466.417
994 477.01
995 488.471
996 499.869
997 510.249
998 518.734
999 524.59
1000 527.734
1001 527.728
1002 525.086
1003 520.166
1004 513.528
1005 505.954
1006 498.243
1007 490.792
1008 484.337
1009 479.139
1010 475.273
1011 472.924
1012 471.857
1013 471.904
1014 472.783
1015 474.367
1016 476.221
1017 478.459
1018 480.84
1019 483.4
1020 486.235
1021 489.422
1022 492.91
1023 496.869
1024 501.117
1025 505.47
1026 509.785
1027 513.604
1028 516.531
1029 518.245
1030 518.295
1031 516.452
1032 512.664
1033 506.981
1034 499.628
1035 491.276
1036 482.335
1037 473.703
1038 466.067
1039 460.183
1040 456.625
1041 455.939
1042 458.292
1043 463.738
1044 472.017
1045 482.598
1046 494.679
1047 507.302
1048 519.29
1049 529.445
1050 536.756
1051 540.303
1052 539.62
1053 534.66
1054 525.736
1055 513.692
1056 499.63
1057 484.841
1058 470.617
1059 458.312
1060 448.868
1061 443.154
1062 441.676
1063 444.543
1064 451.649
1065 462.488
1066 476.283
1067 491.935
1068 508.246
1069 523.72
1070 537.093
1071 547.082
1072 552.817
1073 553.762
1074 549.857
1075 541.504
1076 529.53
1077 515.076
1078 499.365
1079 483.86
1080 469.679
1081 458.052
1082 449.721
1083 445.301
1084 445.056
1085 448.873
1086 456.486
1087 467.161
1088 479.977
1089 493.777
1090 507.271
1091 519.046
1092 528.124
1093 533.389
1094 534.536
1095 531.442
1096 524.662
1097 514.971
1098 503.605
1099 491.705
1100 480.486
1101 471.054
1102 464.068
1103 460.08
1104 459.238
1105 461.373
1106 466.101
1107 472.863
1108 480.856
1109 489.253
1110 497.323
1111 504.245
1112 509.534
1113 512.827
1114 514.05
1115 513.22
1116 510.887
1117 507.28
1118 503.122
1119 498.92
1120 495.092
1121 492.082
1122 490.107
1123 489.165
1124 489.178
1125 489.925
1126 490.968
1127 491.97
1128 492.564
1129 492.332
1130 491.18
1131 489.125
1132 486.207
1133 482.896
1134 479.597
1135 476.731
1136 474.935
1137 474.561
1138 475.816
1139 478.915
1140 483.632
1141 489.649
1142 496.436
1143 503.416
1144 509.599
1145 514.544
1146 517.424
1147 517.856
1148 515.716
1149 511.117
1150 504.295
1151 496.166
1152 487.31
1153 478.641
1154 471.122
1155 465.369
1156 461.989
1157 461.471
1158 463.828
1159 468.936
1160 476.554
1161 485.953
1162 496.302
1163 506.909
1164 516.432
1165 524.18
1166 529.246
1167 531.074
1168 529.371
1169 524.419
1170 516.419
1171 506.318
1172 495.058
1173 483.632
1174 473.141
1175 464.561
1176 458.579
1177 455.667
1178 456.24
1179 459.891
1180 466.53
1181 475.374
1182 485.582
1183 496.137
1184 506.165
1185 514.4
1186 520.338
1187 523.386
1188 523.235
1189 520.22
1190 514.737
1191 507.334
1192 499.05
1193 490.674
1194 482.921
1195 476.672
1196 472.38
1197 470.257
1198 470.654
1199 473.226
1200 477.745
1201 483.698
1202 490.487
1203 497.173
1204 503.324
1205 507.968
1206 510.664
1207 511.164
1208 509.314
1209 505.284
1210 499.715
1211 493.1
1212 486.249
1213 480.092
1214 475.197
1215 472.181
1216 471.464
1217 473.064
1218 476.779
1219 482.345
1220 488.927
1221 495.822
1222 502.311
1223 507.41
1224 510.586
1225 511.492
1226 509.83
1227 505.917
1228 500.219
1229 493.308
1230 486.02
1231 479.318
1232 473.733
1233 470.158
1234 468.955
1235 470.313
1236 474.28
1237 480.626
1238 488.657
1239 497.839
1240 507.148
1241 515.578
1242 522.305
1243 526.442
1244 527.423
1245 525.018
1246 519.43
1247 511.014
1248 500.71
1249 489.535
1250 478.403
1251 468.658
1252 461.06
1253 456.369
1254 455.081
1255 457.303
1256 462.72
1257 471.046
1258 481.281
1259 492.504
1260 503.554
1261 513.279
1262 520.593
1263 524.884
1264 525.675
1265 522.905
1266 517.206
1267 509.059
1268 499.6
1269 489.823
1270 480.69
1271 473.081
1272 467.697
1273 464.889
1274 464.825
1275 467.427
1276 472.291
1277 478.936
1278 486.672
1279 494.778
1280 502.386
1281 508.961
1282 513.753
1283 516.521
1284 517.106
1285 515.49
1286 512.071
1287 507.245
1288 501.601
1289 495.726
1290 490.25
1291 485.569
1292 482.119
1293 480.088
1294 479.453
1295 480.092
1296 481.75
1297 483.946
1298 486.332
1299 488.451
1300 489.915
1301 490.555
1302 490.267
1303 489.148
1304 487.477
1305 485.562
1306 483.858
1307 482.698
1308 482.528
1309 483.459
1310 485.686
1311 489.062
1312 493.435
1313 498.365
1314 503.474
1315 508.126
1316 511.821
1317 514.055
1318 514.448
1319 512.772
1320 509.054
1321 503.466
1322 496.446
1323 488.614
1324 480.64
1325 473.303
1326 467.391
1327 463.458
1328 462.145
1329 463.622
1330 468.08
1331 475.164
1332 484.54
1333 495.337
1334 506.657
1335 517.352
1336 526.284
1337 532.344
1338 534.817
1339 533.216
1340 527.456
1341 518.18
1342 506.022
1343 492.349
1344 478.356
1345 465.476
1346 454.787
1347 447.501
1348 444.075
1349 445.086
1350 450.479
1351 459.859
1352 472.612
1353 487.725
1354 503.842
1355 519.592
1356 533.493
1357 544.068
1358 550.394
1359 551.804
1360 548.062
1361 539.718
1362 527.51
1363 512.754
1364 496.796
1365 481.234
1366 467.19
1367 456.052
1368 448.469
1369 445.081
1370 445.983
1371 451.083
1372 459.745
1373 471.287
1374 484.601
1375 498.342
1376 511.307
1377 522.162
1378 529.794
1379 533.641
1380 533.397
1381 529.114
1382 521.689
1383 511.844
1384 500.776
1385 489.728
1386 479.646
1387 471.381
1388 465.657
1389 462.642
1390 462.372
1391 464.735
1392 469.157
1393 475.046
1394 481.94
1395 488.882
1396 495.442
1397 501.073
1398 505.375
1399 508.177
1400 509.621
1401 509.612
1402 508.618
1403 506.907
1404 504.779
1405 502.548
1406 500.546
1407 498.728
1408 497.234
1409 496.069
1410 494.886
1411 493.657
1412 492.205
1413 490.173
1414 487.738
1415 484.763
1416 481.407
1417 477.96
1418 474.834
1419 472.242
1420 470.804
1421 470.737
1422 472.266
1423 475.563
1424 480.563
1425 486.863
1426 494.216
1427 501.951
1428 509.274
1429 515.719
1430 520.385
1431 522.812
1432 522.632
1433 519.799
1434 514.264
1435 506.708
1436 497.56
1437 487.603
1438 477.861
1439 469.074
1440 462.019
1441 457.526
1442 455.929
1443 457.477
1444 462.413
1445 470.255
1446 480.623
1447 492.839
1448 505.785
1449 518.424
1450 529.626
1451 538.144
1452 542.992
1453 543.782
1454 539.917
1455 531.908
1456 520.357
1457 506.177
1458 490.776
1459 475.615
1460 461.874
1461 450.937
1462 443.707
1463 440.726
1464 442.405
1465 448.597
1466 458.785
1467 472.161
1468 487.597
1469 503.547
1470 518.626
1471 531.318
1472 540.256
1473 544.708
1474 544.251
1475 539.023
1476 529.753
1477 517.565
1478 503.585
1479 489.431
1480 476.342
1481 465.364
1482 457.486
1483 453.203
1484 452.653
1485 455.891
1486 462.452
1487 471.579
1488 482.587
1489 494.26
1490 505.509
1491 515.388
1492 522.787
1493 527.117
1494 528.082
1495 525.664
1496 520.201
1497 512.576
1498 503.456
1499 493.968
1500 485.078
1501 477.528
1502 471.987
1503 468.831
1504 468.112
1505 469.648
1506 473.145
1507 477.861
1508 483.279
1509 488.632
1510 493.379
1511 496.918
1512 499.184
1513 499.876
1514 499.318
1515 497.777
1516 495.607
1517 493.359
1518 491.436
1519 490.169
1520 489.821
1521 490.492
1522 492.047
1523 494.31
1524 496.981
1525 499.555
1526 501.704
1527 502.951
1528 503.028
1529 501.709
1530 499.13
1531 495.243
1532 490.63
1533 485.55
1534 480.682
1535 476.5
1536 473.568
1537 472.221
1538 472.743
1539 475.213
1540 479.438
1541 485.144
1542 491.777
1543 498.705
1544 505.207
1545 510.624
1546 514.247
1547 515.735
1548 514.742
1549 511.406
1550 505.965
1551 498.993
1552 491.136
1553 483.188
1554 475.947
1555 470.099
1556 466.236
1557 464.769
1558 465.813
1559 469.439
1560 475.266
1561 482.95
1562 491.696
1563 500.857
1564 509.464
1565 516.778
1566 522.012
1567 524.704
1568 524.419
1569 521.349
1570 515.601
1571 507.853
1572 498.821
1573 489.312
1574 480.288
1575 472.562
1576 466.801
1577 463.571
1578 463.1
1579 465.439
1580 470.305
1581 477.316
1582 485.577
1583 494.389
1584 502.681
1585 509.546
1586 514.212
1587 516.174
1588 515.124
1589 511.324
1590 505.22
1591 497.544
1592 489.283
1593 481.35
1594 474.671
1595 469.903
1596 467.732
1597 468.127
1598 471.31
1599 476.798
1600 484.094
1601 492.462
1602 501.077
1603 508.871
1604 515.205
1605 519.267
1606 520.571
1607 519.092
1608 514.883
1609 508.397
1610 500.43
1611 491.754
1612 483.267
1613 475.946
1614 470.476
1615 467.354
1616 467.108
1617 469.519
1618 474.536
1619 481.566
1620 489.892
1621 498.502
1622 506.594
1623 512.969
1624 516.97
1625 518.094
1626 516.079
1627 511.17
1628 503.979
1629 495.243
1630 485.956
1631 477.246
1632 469.845
1633 464.634
1634 462.113
1635 462.457
1636 465.644
1637 471.461
1638 479.168
1639 488.135
1640 497.572
1641 506.351
1642 513.82
1643 519.264
1644 522.015
1645 522.093
1646 519.524
1647 514.542
1648 507.867
1649 500.209
1650 492.174
1651 484.761
1652 478.465
1653 473.782
1654 471.128
1655 470.604
1656 472.032
1657 475.343
1658 480.018
1659 485.474
1660 491.309
1661 496.786
1662 501.374
1663 504.753
1664 506.57
1665 506.689
1666 505.365
1667 502.753
1668 499.158
1669 495.248
1670 491.269
1671 487.714
1672 484.994
1673 483.212
1674 482.396
1675 482.725
1676 483.725
1677 485.326
1678 487.207
1679 488.971
1680 490.379
1681 491.317
1682 491.575
1683 491.18
1684 490.41
1685 489.241
1686 488.108
1687 487.323
1688 487.013
1689 487.5
1690 488.952
1691 491.22
1692 494.322
1693 498.064
1694 501.883
1695 505.575
1696 508.567
1697 510.368
1698 510.601
1699 509.132
1700 505.629
1701 500.463
1702 493.919
1703 486.387
1704 478.77
1705 471.696
1706 465.876
1707 462.099
1708 460.848
1709 462.331
1710 466.813
1711 473.952
1712 483.288
1713 494.146
1714 505.561
1715 516.33
1716 525.571
1717 532.104
1718 535.146
1719 534.412
1720 529.682
1721 521.379
1722 510.379
1723 497.505
1724 484.116
1725 471.399
1726 460.533
1727 452.431
1728 447.965
1729 447.439
1730 451.062
1731 458.634
1732 469.635
1733 483.123
1734 498.15
1735 513.197
1736 526.927
1737 538.037
1738 545.228
1739 547.79
1740 545.489
1741 538.39
1742 527.333
1743 513.437
1744 497.989
1745 482.471
1746 468.425
1747 456.78
1748 448.685
1749 444.596
1750 444.72
1751 448.986
1752 456.938
1753 467.737
1754 480.483
1755 493.965
1756 506.93
1757 518.316
1758 527.035
1759 532.504
1760 534.275
1761 532.588
1762 527.597
1763 520.255
1764 511.174
1765 501.415
1766 491.78
1767 483.104
1768 475.889
1769 470.636
1770 467.475
1771 466.448
1772 467.414
1773 470.084
1774 474.066
1775 478.952
1776 484.297
1777 489.672
1778 494.724
1779 499.211
1780 502.833
1781 505.659
1782 507.486
1783 508.512
1784 508.659
1785 508.17
1786 506.935
1787 505.207
1788 502.865
1789 500.029
1790 496.685
1791 492.897
1792 488.721
1793 484.334
1794 479.899
1795 475.653
1796 471.955
1797 469.041
1798 467.302
1799 466.915
1800 468.209
1801 471.141
1802 475.819
1803 482.019
1804 489.455
1805 497.7
1806 506.221
1807 514.319
1808 521.395
1809 526.744
1810 529.843
1811 530.241
1812 527.838
1813 522.573
1814 514.85
1815 505.142
1816 494.233
1817 482.91
1818 472.203
1819 462.844
1820 455.765
1821 451.539
1822 450.631
1823 453.247
1824 459.402
1825 468.663
1826 480.532
1827 494.124
1828 508.235
1829 521.727
1830 533.289
1831 541.57
1832 545.883
1833 545.446
1834 540.249
1835 530.754
1836 517.763
1837 502.488
1838 486.475
1839 471.028
1840 457.613
1841 447.346
1842 441.072
1843 439.26
1844 442.134
1845 449.417
1846 460.508
1847 474.685
1848 490.549
1849 506.898
1850 522.205
1851 535.099
1852 544.322
1853 549.22
1854 549.23
1855 544.565
1856 535.823
1857 523.911
1858 510.035
1859 495.59
1860 481.757
1861 469.641
1862 460.293
1863 454.108
1864 451.531
1865 452.593
1866 456.893
1867 464.031
1868 473.26
1869 483.615
1870 494.133
1871 504.012
1872 512.102
1873 518.029
1874 521.304
1875 521.737
1876 519.654
1877 515.514
1878 509.696
1879 503.158
1880 496.435
1881 490.062
1882 484.668
1883 480.447
1884 477.527
1885 475.982
1886 475.639
1887 476.2
1888 477.559
1889 479.365
1890 481.313
1891 483.425
1892 485.466
1893 487.39
1894 489.38
1895 491.389
1896 493.46
1897 495.838
1898 498.339
1899 500.953
1900 503.657
1901 506.102
1902 508.05
1903 509.343
1904 509.551
1905 508.49
1906 506.172
1907 502.414
1908 497.436
1909 491.639
1910 485.238
1911 478.873
1912 473.1
1913 468.388
1914 465.229
1915 464.11
1916 465.095
1917 468.325
1918 473.735
1919 480.82
1920 489.18
1921 498.192
1922 506.945
1923 514.729
1924 520.915
1925 524.581
1926 525.655
1927 523.816
1928 519.184
1929 512.201
1930 503.585
1931 493.856
1932 484.133
1933 475.159
1934 467.605
1935 462.273
1936 459.517
1937 459.526
1938 462.476
1939 468.072
1940 475.847
1941 485.343
1942 495.684
1943 505.926
1944 515.342
1945 522.858
1946 527.822
1947 529.74
1948 528.417
1949 523.764
1950 516.528
1951 507.081
1952 496.472
1953 485.69
1954 475.666
1955 467.262
1956 461.293
1957 458.132
1958 458.003
1959 460.942
1960 466.486
1961 474.11
1962 483.07
1963 492.461
1964 501.236
1965 508.788
1966 514.135
1967 517.011
1968 517.261
1969 514.94
1970 510.52
1971 504.699
1972 498.048
1973 491.461
1974 485.612
1975 481.009
1976 478.094
1977 477.126
1978 477.925
1979 480.472
1980 484.278
1981 488.849
1982 493.612
1983 498.045
1984 501.449
1985 503.608
1986 504.126
1987 503.043
1988 500.493
1989 496.87
1990 492.566
1991 488.236
1992 484.404
1993 481.519
1994 479.998
1995 480.074
1996 481.607
1997 484.611
1998 488.553
1999 492.989
2000 497.341
